start,stop,length,format,description
1,3,3,X(3),Record Type:  AGR = Aggregate Recovery
4,7,4,9(4),Sedgwick CMS Client ID
8,45,38,9(38),Filler 
46,85,40,X(40),Plan Name
86,93,8,CCYYMMDD,Plan Effective Date
94,101,8,CCYYMMDD,Plan Expiration Date
102,109,8,CCYYMMDD,Loss Fund Effective Date
110,117,8,CCYYMMDD,Loss Fund Expiration Date
118,127,10,S9(9),Loss Fund
128,139,12,S9(9)V99,Recovered Current Period
140,151,12,S9(9)V99,Recovered To Date
